709,6
13,63
709,5
709,4
709,3
709,1
709,0
708,5
708,4
708,3
708,1
708,0
707,6
707,5
707,4
707,3
707,1
707,0
706,5
706,4
706,3
706,1
706,0
705,6
705,5
705,4
705,3
705,1
705,0
704,6
704,5
704,4
704,3
704,1
704,0
703,5
703,4
703,3
703,1
703,0
0,415
702,6
702,5
702,4
702,3
702,1
702,0
681,7
0,410
701,6
701,5
701,4
701,3
701,1
701,0
700,6
700,5
700,4
700,3
700,1
700,0
699,6
699,5
699,4
699,3
699,1
699,0
0,407
698,6
698,5
698,4
698,3
698,1
698,0
0,406
0,405
697,6
697,5
697,4
697,3
697,1
697,0
0,404
696,6
696,5
696,4
696,3
696,1
696,0
695,7
695,6
695,5
695,4
695,3
695,1
695,0
0,403
30,11
694,6
694,5
694,4
694,3
694,1
694,0
13,78
693,5
693,4
693,3
693,1
693,0
0,401
30,10
692,7
692,6
692,5
692,4
692,3
692,1
692,0
0,399
30,9
691,6
691,5
691,4
691,3
691,1
691,0
685,6
0,396
30,8
690,7
690,6
690,5
690,4
690,3
690,1
690,0
689,6
689,5
689,4
689,3
689,1
689,0
0,395
0,394
684,6
0,393
688,7
688,6
688,5
688,4
688,3
688,1
688,0
687,6
687,5
687,4
687,3
687,1
687,0
682,6
686,6
686,5
686,4
686,3
686,1
686,0
0,386
680,6
14,10
685,5
685,4
685,3
685,1
685,0
684,5
684,4
684,3
684,1
684,0
683,6
683,5
683,4
683,3
683,1
683,0
682,5
682,4
682,3
682,1
682,0
681,6
681,5
681,4
681,3
681,1
681,0
680,5
680,4
680,3
680,1
680,0
30,7
30,6
679,6
679,5
679,4
679,3
679,1
679,0
10,39
678,5
678,4
678,3
678,1
678,0
31,6
31,2
31,1
31,5
32,2
32,1
32,5
13,23
50,1
50,5
